D: [0.02166258667868198, -0.02389676172915039, 0.006129923194708992, -0.014163008047245332, 0.0]
K: [216.5697202281469, 0.0, 366.0369255629684, 0.0, 195.73525401261912, 244.92529988003426, 0.0, 0.0, 1.0]
R: [1.0, 0.0, 0.0, 0.0, 1.0, 0.0, 0.0, 0.0, 1.0]
P: [-1051.7568359375, 0.0, 382.31197893084027, 0.0, 0.0, -1524.7120361328125, 484.7963394199287, 0.0, 0.0, 0.0, 1.0, 0.0]

